50
2
2 2
3
3 2 2
3
1 1 2
3
2 3 1
26
37 42 50 37 46 39 36 31 33 41 34 44 37 43 31 44 35 39 30 32 35 42 41 49 34 38
3
3 3 2
26
39 37 34 34 37 36 48 41 39 34 41 31 37 46 45 40 35 29 45 32 36 41 39 45 42 34
20
40 37 62 66 50 50 47 44 50 44 52 49 52 48 48 64 45 46 48 49
3
3 2 1
26
12 22 13 19 12 15 16 17 16 19 15 16 25 24 19 18 184 21 19 185 25 28 19 206 18 17
22
46 46 41 56 51 57 52 43 37 47 44 48 48 37 42 50 45 39 43 42 42 44
26
16 15 126 13 127 13 121 15 21 115 24 21 116 20 20 20 24 23 13 23 22 23 19 12 22 16
26
23 18 33 191 15 22 22 24 25 173 16 24 24 15 16 16 15 23 14 14 14 18 182 29 21 13
5
193 210 194 199 200
26
39 40 38 39 34 31 43 46 39 46 44 31 42 46 41 36 39 35 34 37 28 36 35 46 43 32
3
3 1 2
10
9 1 9 1 9 1 9 1 9 1
25
45 51 42 58 34 32 52 32 31 39 46 37 45 40 38 31 44 36 35 44 39 34 30 47 38
26
1 1 1 1 1 1 1 1 1 1 1 1 1 1 1 1 1 1 1 1 1 1 1 1 1 1
3
2 3 4
3
1 4 4
26
248 266 25 15 23 13 21 23 14 21 21 17 20 26 19 25 27 17 21 19 17 13 26 21 24 18
3
1 2 3
18
58 61 57 62 56 49 48 54 56 57 45 64 59 64 56 49 45 60
6
165 172 162 170 174 150
26
25 1 1 1 1 1 1 1 1 1 1 1 1 1 1 1 1 1 1 1 1 1 1 1 1 1
26
38 50 42 39 46 43 33 30 40 38 30 35 51 42 33 25 35 38 41 34 29 39 39 44 33 46
26
195 171 173 23 15 24 17 13 18 13 22 18 19 19 23 32 25 21 28 13 19 18 23 18 22 18
22
48 42 37 33 51 42 39 60 41 41 44 49 39 44 57 44 52 42 43 49 45 50
26
29 34 42 40 35 43 34 39 39 43 40 40 38 40 35 49 30 49 35 39 42 32 32 41 35 45
26
30 37 33 37 40 43 37 41 43 40 48 46 39 46 37 35 33 32 31 33 40 37 39 40 42 41
26
20 1 20 1 20 1 20 1 20 1 20 1 20 1 20 1 20 1 20 1 20 1 20 1 20 1
26
30 33 34 44 44 44 42 37 42 32 40 32 45 31 39 44 42 39 45 44 28 32 40 47 36 34
26
255 274 23 19 24 19 17 20 24 19 16 14 17 18 28 15 23 24 16 17 14 20 18 22 20 24
20
56 49 44 52 44 60 57 49 47 52 52 51 48 48 45 44 51 55 47 49
3
1 3 2
21
44 43 48 49 50 47 54 58 44 51 37 41 36 46 45 56 48 58 51 47 39
10
102 98 102 104 109 107 90 82 104 93
21
35 43 42 50 59 47 39 44 41 55 53 55 45 35 55 52 55 51 53 45 43
3
3 3 3
2
4 4
26
37 41 44 35 39 38 46 36 34 43 35 41 37 41 32 38 35 39 41 29 38 37 34 33 47 50
3
1 2 2
3
2 1 1
26
45 27 41 43 46 45 45 49 44 40 33 46 38 29 37 38 31 43 34 38 39 32 38 34 31 34
26
39 40 34 46 51 35 39 33 45 39 36 37 36 35 30 33 46 37 37 40 43 36 38 41 35 39
26
21 22 23 128 22 126 26 24 19 136 24 22 18 28 25 22 25 14 15 23 11 137 29 15 22 23
16
1 1 1 1 1 1 1 15 1 1 1 1 1 1 1 1
23
42 48 40 41 34 45 49 45 40 57 47 49 28 48 41 42 37 42 43 44 44 46 45
8
103 137 107 129 100 146 132 143
